Final results using Attention-Weighted FedXgbBagging:
Total rounds: 20
Number of participating clients: 4
XGBoost params: {'objective': 'binary:logistic', 'eval_metric': 'logloss', 'seed': 62529, 'n_jobs': -1, 'max_depth': 3, 'learning_rate': 0.017462960628932028, 'n_estimators': 850, 'min_child_weight': 2, 'gamma': 0.6008466563824473, 'subsample': 0.8874331341725578, 'colsample_bytree': 0.7409548092577293, 'max_delta_step': 2}
Optimal Threshold: 0.7000
Accuracy: 0.9421639731
Detection Rate: 0.8100437405
False Positive Rate: 0.0084795856

--- Per-Round Attention Weights ---
Round 1: α = [0.24589749668190825, 0.2512932531316968, 0.2513656445978113, 0.2514436055885836]
  Client 0: DR=0.8926, FPR=0.0631, Score=0.8363
  Client 1: DR=0.9152, FPR=0.0625, Score=0.8580
  Client 2: DR=0.9157, FPR=0.0628, Score=0.8583
  Client 3: DR=0.9167, FPR=0.0634, Score=0.8586
Round 2: α = [0.2514031348982207, 0.2514031348982207, 0.24579059530533787, 0.2514031348982207]
  Client 0: DR=0.9166, FPR=0.0631, Score=0.8588
  Client 1: DR=0.9166, FPR=0.0631, Score=0.8588
  Client 2: DR=0.8925, FPR=0.0631, Score=0.8362
  Client 3: DR=0.9166, FPR=0.0631, Score=0.8588
Round 3: α = [0.25000197071689517, 0.25000197071689517, 0.24999408784931457, 0.25000197071689517]
  Client 0: DR=0.9167, FPR=0.0631, Score=0.8588
  Client 1: DR=0.9167, FPR=0.0631, Score=0.8588
  Client 2: DR=0.9166, FPR=0.0631, Score=0.8588
  Client 3: DR=0.9167, FPR=0.0631, Score=0.8588
Round 4: α = [0.2499938562298113, 0.2499938562298113, 0.2500087316668948, 0.2500035558734826]
  Client 0: DR=0.9167, FPR=0.0633, Score=0.8587
  Client 1: DR=0.9167, FPR=0.0633, Score=0.8587
  Client 2: DR=0.9168, FPR=0.0633, Score=0.8588
  Client 3: DR=0.9168, FPR=0.0633, Score=0.8587
Round 5: α = [0.25, 0.25, 0.25, 0.25]
  Client 0: DR=0.8928, FPR=0.0633, Score=0.8362
  Client 1: DR=0.8928, FPR=0.0633, Score=0.8362
  Client 2: DR=0.8928, FPR=0.0633, Score=0.8362
  Client 3: DR=0.8928, FPR=0.0633, Score=0.8362
Round 6: α = [0.25, 0.25, 0.25, 0.25]
  Client 0: DR=0.9168, FPR=0.0633, Score=0.8588
  Client 1: DR=0.9168, FPR=0.0633, Score=0.8588
  Client 2: DR=0.9168, FPR=0.0633, Score=0.8588
  Client 3: DR=0.9168, FPR=0.0633, Score=0.8588
Round 7: α = [0.25, 0.25, 0.25, 0.25]
  Client 0: DR=0.9168, FPR=0.0633, Score=0.8588
  Client 1: DR=0.9168, FPR=0.0633, Score=0.8588
  Client 2: DR=0.9168, FPR=0.0633, Score=0.8588
  Client 3: DR=0.9168, FPR=0.0633, Score=0.8588
Round 8: α = [0.24999666574400042, 0.2500033342559996, 0.24999666574400042, 0.2500033342559996]
  Client 0: DR=0.9168, FPR=0.0633, Score=0.8588
  Client 1: DR=0.9168, FPR=0.0633, Score=0.8588
  Client 2: DR=0.9168, FPR=0.0633, Score=0.8588
  Client 3: DR=0.9168, FPR=0.0633, Score=0.8588
Round 9: α = [0.25, 0.25, 0.25, 0.25]
  Client 0: DR=0.9168, FPR=0.0633, Score=0.8588
  Client 1: DR=0.9168, FPR=0.0633, Score=0.8588
  Client 2: DR=0.9168, FPR=0.0633, Score=0.8588
  Client 3: DR=0.9168, FPR=0.0633, Score=0.8588
Round 10: α = [0.2499961182910807, 0.2500012939029731, 0.2500012939029731, 0.2500012939029731]
  Client 0: DR=0.9168, FPR=0.0633, Score=0.8588
  Client 1: DR=0.9168, FPR=0.0633, Score=0.8588
  Client 2: DR=0.9168, FPR=0.0633, Score=0.8588
  Client 3: DR=0.9168, FPR=0.0633, Score=0.8588
Round 11: α = [0.25, 0.25, 0.25, 0.25]
  Client 0: DR=0.9168, FPR=0.0633, Score=0.8588
  Client 1: DR=0.9168, FPR=0.0633, Score=0.8588
  Client 2: DR=0.9168, FPR=0.0633, Score=0.8588
  Client 3: DR=0.9168, FPR=0.0633, Score=0.8588
Round 12: α = [0.25, 0.25, 0.25, 0.25]
  Client 0: DR=0.9168, FPR=0.0633, Score=0.8588
  Client 1: DR=0.9168, FPR=0.0633, Score=0.8588
  Client 2: DR=0.9168, FPR=0.0633, Score=0.8588
  Client 3: DR=0.9168, FPR=0.0633, Score=0.8588
Round 13: α = [0.25, 0.25, 0.25, 0.25]
  Client 0: DR=0.9168, FPR=0.0633, Score=0.8588
  Client 1: DR=0.9168, FPR=0.0633, Score=0.8588
  Client 2: DR=0.9168, FPR=0.0633, Score=0.8588
  Client 3: DR=0.9168, FPR=0.0633, Score=0.8588
Round 14: α = [0.24999848442909103, 0.24999848442909103, 0.250001515570909, 0.250001515570909]
  Client 0: DR=0.9168, FPR=0.0633, Score=0.8588
  Client 1: DR=0.9168, FPR=0.0633, Score=0.8588
  Client 2: DR=0.9168, FPR=0.0633, Score=0.8588
  Client 3: DR=0.9168, FPR=0.0633, Score=0.8588
Round 15: α = [0.25, 0.25, 0.25, 0.25]
  Client 0: DR=0.9168, FPR=0.0633, Score=0.8588
  Client 1: DR=0.9168, FPR=0.0633, Score=0.8588
  Client 2: DR=0.9168, FPR=0.0633, Score=0.8588
  Client 3: DR=0.9168, FPR=0.0633, Score=0.8588
Round 16: α = [0.2500009093425454, 0.2500009093425454, 0.24999909065745463, 0.24999909065745463]
  Client 0: DR=0.9168, FPR=0.0633, Score=0.8588
  Client 1: DR=0.9168, FPR=0.0633, Score=0.8588
  Client 2: DR=0.9168, FPR=0.0633, Score=0.8588
  Client 3: DR=0.9168, FPR=0.0633, Score=0.8588
Round 17: α = [0.24999909065745463, 0.2500009093425454, 0.2500009093425454, 0.24999909065745463]
  Client 0: DR=0.9168, FPR=0.0633, Score=0.8588
  Client 1: DR=0.9168, FPR=0.0633, Score=0.8588
  Client 2: DR=0.9168, FPR=0.0633, Score=0.8588
  Client 3: DR=0.9168, FPR=0.0633, Score=0.8588
Round 18: α = [0.2500009093425454, 0.24999909065745463, 0.2500009093425454, 0.24999909065745463]
  Client 0: DR=0.9168, FPR=0.0633, Score=0.8588
  Client 1: DR=0.9168, FPR=0.0633, Score=0.8588
  Client 2: DR=0.9168, FPR=0.0633, Score=0.8588
  Client 3: DR=0.9168, FPR=0.0633, Score=0.8588
Round 19: α = [0.25, 0.25, 0.25, 0.25]
  Client 0: DR=0.9168, FPR=0.0633, Score=0.8588
  Client 1: DR=0.9168, FPR=0.0633, Score=0.8588
  Client 2: DR=0.9168, FPR=0.0633, Score=0.8588
  Client 3: DR=0.9168, FPR=0.0633, Score=0.8588
Round 20: α = [0.25, 0.25, 0.25, 0.25]
  Client 0: DR=0.9168, FPR=0.0633, Score=0.8588
  Client 1: DR=0.9168, FPR=0.0633, Score=0.8588
  Client 2: DR=0.9168, FPR=0.0633, Score=0.8588
  Client 3: DR=0.9168, FPR=0.0633, Score=0.8588
